9f2dc69199f30756ec0659b65a55715887f648e07c572b028d364ae90f013d07 206 87 15507 8390
8e689d18477f37a5225675c9a0879bd3fbc2bc8fbced96b8063343e792c42199 38 38 1289 786
1c661e47524498d970325348f06518e849663ad448cfacc700ea3078b6c39a13 24 24 10324 756
74e9c130eef2a3cb8c9705f4dc38a4a9838883aacf5ae4907edcb38354cac657 4 3 176 108
542b06bded81171ff6d727f9734e6932a5a4b5ac143da0f34748bc0a9aa3e1b4 52 52 11201 3704
439a3e64bc784b907024931b5de9d6e43225df0778c504ae897475671281a381 13 13 2872 2119
4c6d189d95b3d48e209215a6e8b31a778e7973eedd62dcb1086889335c53b11c 31 0 0 0
266d823d51c818624698e4e5e821551497e8fb2180d65e8fa96a988cffe73c26 88 2 0 0
93880a929f7d705f4d23c07e95e19f507decaf8729452c7ff505ed17281fda94 183 1 176 26
57787ee180c962a32f236642ff0e649a26b6cedf50b3982513570134e8a9aac9 2 2 89 0
3380ac0d05367d79baee4f79ca7c853a0e237a67fd68da0b14d6730d293d006b 6 6 0 0
f2c3fc2221e1adeaa748dc63c11c206d0d0d780e1e0973a9f932372932c3edd4 125 61 171254 67026
532d14e36ec041ea69b4261322bb048cf2e1e57c8824c970563fddefd3203667 9 9 12129 561
9612880a2da12951012c238644d705f59dfbee6e40c98b0966127f687c74ae41 1 1 2 0
df4b5bd8012429dfdcd767a65893a4c98d7e53bac71be8d25d17dceadf94d4fb 4 4 8931 23
4712665cfe2ebf10a2d7e5960867c2b7f0dcfa3349fe3aa49a4d1cf53f4c7bc5 14 14 2009204 73
bc42d253713c5e88d17a1d69935abf28de185a7b9da17a9247e60fcc74a37b4e 4 4 10538 48
a43318f96cfa9b98120d95ac40eb3f5313ae26ec48fd66b3b92e87d192eea485 5 5 3 0
84afd5aa824856e012889b4b725b61d817a38c20ebaccae5460a37a5dfd05e86 8 8 58655 112
fc815f51953941adf7b5e1059a16fa1120c30575dac51f9c3a2f853171e9b359 0 0 0 0
0b7e95b4927e13642a67043806274e490d6f86a8c58b919ec2acb78cc5c99c54 6 6 13579 0
c87e851e5729e0ff8687c4222574860da4976426d9ca978c464beaf1d7118d1d 2 2 13729 1
d70fea409054b3bb7043b0a12ccbead2cdf57871cc438706a31142e3b704e18a 10 9 12017 1236
5396c01c5ddb1ab8af7a00fec43913c71a3905542af494f3fc1155b46f23eb3e 16 16 7113 85
4226a3c62ad0e8aa2e58c16b0d36e541631db97a1081842588e9b35ff9b48770 3 3 16803 7
ff4c4ad75c96aad820620f8321b7055996ff534337372856542963d8e7ffa542 1 1 15439 0
1bdb8146cc8321d43ef5e6cbff807c799129ecbc449ec34b6c4fff56d206eb34 70 70 49517 4865
65211706128d98d8b5ed6c0c0da8d9fae166593c0dbf99b0be5743ab4712f649 7 7 9760 1648
29092995e90064f412c258bb3c7f366152f079e25790b873ea3684e8fd0155b8 11 11 6580 398
bf511b3b8c5912e66fe3a690845e5788c8f4d77f1da9bc31d82bbc9951a7261b 1 1 6291 0
e8c2dfc8b5b7d43ea93fb300f8e9365e5671d0ae9d062a020a30ff062f7a933c 4 4 83415 79063
630d934b09cd5b2dfe0dfc75fd50c76cfddfbfb2f15ba0f27943078fdb25509a 83 83 13361 2960
fbed550874db3fce23d75e10fe914af07d4fcf3c6bda0d995f6ba6a7896fd406 83 83 7728 518
190db1a1cac5f50f41ea76955f5daa32e3e551af9bcdecfb75dd471b6fc0fd4b 82 82 19887 2379
242996202c22046cd9bf375325f475a18883af9bd6f224e84ce60248914d9fe8 290 290 986162 105135
fe11209605ff94efdeb31b8a9435878510c3e54a3527148c39cd8a883818378b 233 233 45518 7066
